1441031178
1441095792
1441105844
1441069713
1441105731
1441116176
1441034195
1441059640
1441039512
1441101924
1441024237
1441089260
1441049357
1441026790
1441037499
1441038130
1441042876
1441036657
1441075542
1441033157
1441040546
1441025843
1441030539
1441071896
1441079787
1441093914
1441096358
1441073672
1441053041
1441109397
1441060704
1441115881
1441090694
1441030215
1441024937
1441025527
1441083912
1441022670
1441079506
1441094270
1441111856
1441105283
1441090915
1441095606
1441024906
1441035143
1441023102
1441039237
1441036658
1441029020
1441043013
1441099876
1441106587
1441048892
1441077151
1441094881
1441039351
1441095149
1441046570
1441094891
1441048037
1441045180
1441092137
1441087979
1441043069
1441069915
1441094000
1441106740
1441072487
1441115332
1441053040
1441026985
1441030147
1441102363
1441105348
1441022242
1441029152
1441042855
1441063337
1441031631
1441077645
1441090993
1441095116
1441045299
1441063344
1441036883
1441039034
1441089988
1441056699
1441049510
1441094668
1441057920
1441053161
1441046347
1441020880
1441096536
1441089668
1441049687
1441031541
1441065646
1441034590
1441094874
1441049063
1441102977
1441080088
1441053674
1441045346
1441070883
1441043931
1441029353
1441041722
1441094897
1441013170
1441028988
1441077885
1441094858
1441055018
1441093565
1441090936
1441049083
1441044329
1441063771
1441068473
1441073244
1441056847
1441046895
1441044681
1441048519
1441065938
1441024920
1441046400
1441064502
1441094837
1441040750
1441033866
1441093268
1441096198
1441048855
1441034975
1441071626
1441101049
1441095251
1441072002
1441114195
1441099911
1441069421
1441057062
1441042836
1441079628
1441038848
1441069058
1441076024
1441073855
1441076275
1441069931
1441047087
1441046492
1441091617
1441095922
1441043576
1441084797
1441041205
1441104347
1441039260
1441049530
1441041282
1441056950
1441104357
1441021901
1441049535
1441029392
1441089500
1441100937
1441028613
1441071590
1441090872
1441030474
1441052010
1441092710
1441036490
1441070389
1441095205
1441085984
1441048232
1441047403
1441049239
1441035148
1441025215
1441092544
1441024021
1441048640
1441095177
1441025092
1441062294
1441023124
1441088277
1441047160
1441091168
1441095858
1441066731
1441022981
1441032474
1441053006
1441065825
1441034050
1441029997
1441092101
1441025036
1441063831
1441026975
1441044141
1441049400
1441041320
1441077257
1441046375
1441068867
1441021147
1441095173
1441072726
1441032812
1441029077
1441090940
1441090402
1441079222
1441087666
1441040871
1441067906
1441028844
1441020104
1441020645
1441040586
1441046508
1441065661
1441061445
1441048920
1441087527
1441088261
1441096186
1441096349
1441041887
1441047999
1441076063
1441048755
1441050806
1441053086
1441102346
1441064946
1441017498
1441082363
1441070728
1441094786
1441020633
1441038662
1441094196
1441113396
1441060430
1441048442
1441070444
1441042817
1441031880
1441114172
1441041410
1441102466
1441095113
1441022443
1441064673
1441081302
1441071185
1441113368
1441041830
1441044367
1441020314
1441041021
1441032870
1441050850
1441042885
1441020866
1441057020
1441094827
1441064700
1441051281
1441042901
1441063296
1441074018
1441081537
1441023035
1441041666
1441061935
1441037612
1441065375
1441068212
1441046929
1441034024
1441020913
1441109458
1441085916
1441048332
1441043814
1441030101
1441028990
1441063839
1441049581
1441021352
1441056954
1441100234
1441058812
1441021125
1441052576
1441032878
1441060563
1441095797
1441095645
1441063177
1441092227
1441059582
1441029448
1441087471
1441067431
1441105265
1441057913
1441025630
1441040321
1441068300
1441020164
1441040540
1441109508
1441102396
1441068408
1441086209
1441048956
1441092932
1441088132
1441049471
1441090893
1441082639
1441050152
1441052775
1441023144
1441058764
1441062011
1441073435
1441045990
1441023975
1441047572
1441064463
1441059287
1441068283
1441071874
1441044109
1441048595
1441110018
1441087655
1441083996
1441060550
1441048172
1441020619
1441067124
1441105718
1441110915
1441051041
1441044226
1441054038
1441082151
1441073331
1441091864
1441027022
1441024970
1441022075
1441099870
1441055131
1441050935
1441056269
1441030444
1441066723
1441058194
1441091762
1441041789
1441025003
1441039888
1441041314
1441037803
1441026024
1441045284
1441019723
1441028517
1441027041
1441094400
1441043070
1441052837
1441045630
